--mean policy
4.999999996492846,4.999999997120513,4.999999997307028,4.999999997192923,7.670709819929452e-11,2.4332335354449134e-10,6.449865701727659e-10,9.464305662339991e-10
--lambda 0.0
7.4733289105706096,3.353088601776249,1.570077053626217,9.10608320581293e-09,1.229834627324675e-06,3.996573864461361,1.8653571192551375,1.7415731930397196
--lambda 0.25
7.30236907987632,3.6632134593061156,1.6108699998864173,4.4112493007266273e-07,4.937379972519952e-07,3.524037195149658,2.1191828150079997,1.7803260872993147
--lambda 0.3
7.204344664320826,3.818071210183107,1.6572212402434685,3.289164200756347e-08,2.3970362148066423e-08,3.2760562228156296,2.2199464116319803,1.8243601475710804
--lambda 0.5
6.917242042328997,4.295597884915357,1.7690105402635836,1.8875091300427397e-08,6.456427435085345e-09,2.525782056542044,2.5618074513875264,1.9305599952297765
--lambda 0.75
5.916751160517912,5.8709128287869525,2.2473347620794493,0.0295856005879996,5.8515396165875005e-09,7.750187402447245e-07,3.5800324264559555,2.3553824245772392
--lambda 0.95
5.694406885581678,5.659686024278581,2.9149517939011065,0.60228012761168,2.1090323309172556e-07,5.411453062633169e-07,2.7117499533013074,2.4169241007258986
--lambda 0.99
5.000001141419899,5.000000559452428,4.999996775270743,4.997879634293684,2.4362767389756126e-07,5.316046181047483e-07,3.761693542278285e-06,0.002117307786919229
--lambda 1.0
5.000000035830622,5.000000031860884,4.999999777171222,4.999999784699546,1.077380952736467e-07,2.391440090165329e-09,2.533096248436361e-07,3.826162117382416e-09
